$GPGSV,3,1,12,10,11,327,27,13,52,126,17,23,33,296,33,24,49,274,17,1*61
$GPGSV,3,2,12,05,08,191,,12,11,206,,14,33,052,,15,75,202,,1*61
$GPGSV,3,3,12,17,24,092,,19,16,120,,22,52,066,,30,04,080,,1*68
$GLGSV,3,1,09,85,11,021,27,68,39,320,32,78,33,232,,66,28,156,,1*78
$GLGSV,3,2,09,86,02,068,,77,79,011,,76,31,043,,84,03,330,,1*77
$GLGSV,3,3,09,67,78,212,,1*4E
$GBGSV,3,1,09,20,49,293,24,05,10,116,,07,19,047,,10,27,057,,1*74
$GBGSV,3,2,09,11,06,075,,12,06,025,,19,08,322,,23,63,061,,1*78
$GBGSV,3,3,09,25,11,060,,1*4E
$GPGSV,3,1,12,10,11,327,26,13,52,126,17,23,33,296,30,24,49,274,18,1*6C
$GPGSV,3,2,12,05,08,191,,12,11,206,,14,33,052,,15,75,202,,1*61
$GPGSV,3,3,12,17,24,092,,19,16,120,,22,52,066,,30,04,080,,1*68
$GLGSV,3,1,09,85,11,021,25,68,39,320,32,78,33,232,,66,28,156,,1*7A
$GLGSV,3,2,09,86,02,068,,77,79,011,,76,31,043,,84,03,330,,1*77
$GLGSV,3,3,09,67,78,212,,1*4E
$GBGSV,3,1,09,20,49,293,26,05,10,116,,07,19,047,,10,27,057,,1*76
$GBGSV,3,2,09,11,06,075,,12,06,025,,19,08,322,,23,63,061,,1*78
$GBGSV,3,3,09,25,11,060,,1*4E
$GNGSA,A,3,10,13,23,24,,,,,,,,,1.8,1.5,1.0,1*39
$GNGSA,A,3,68,85,,,,,,,,,,,1.8,1.5,1.0,2*3D
$GNVTG,,T,,M,0.0,N,0.0,K,A*3D
$GNRMC,194003.00,A,4852.531614,N,00205.679015,E,0.0,,110824,2.1,W,A,V*6B
$GNGGA,194003.00,4852.531614,N,00205.679015,E,1,06,1.5,106.1,M,47.7,M,,*79
$GPGSA,A,1,,,,,,,,,,,,,,,,*32
$GPVTG,,T,,M,,N,,K,N*2C
$GPRMC,,V,,,,,,,,,,N,V*29
$GPGGA,,,,,,0,,,,,,,,*66
$GPGSV,3,1,12,10,11,327,21,23,33,296,23,05,08,191,,12,11,206,,1*6F
$GPGSV,3,2,12,13,52,126,,14,33,052,,15,75,202,,17,24,092,,1*69
$GPGSV,3,3,12,19,16,120,,22,52,066,,24,49,274,,30,04,080,,1*69
$GLGSV,3,1,09,85,11,021,26,68,39,320,23,78,33,232,,66,28,156,,1*79
$GLGSV,3,2,09,86,02,068,,77,79,011,,76,31,043,,84,03,330,,1*77
$GLGSV,3,3,09,67,78,212,,1*4E
$GBGSV,3,1,09,05,10,116,,07,19,047,,10,27,057,,11,06,075,,1*71
$GBGSV,3,2,09,12,06,025,,19,08,322,,20,49,293,,23,63,061,,1*7B
$GBGSV,3,3,09,25,11,060,,1*4E
$GPGSV,3,1,12,10,11,327,20,23,33,296,25,05,08,191,,12,11,206,,1*68
$GPGSV,3,2,12,13,52,126,,14,33,052,,15,75,202,,17,24,092,,1*69
$GPGSV,3,3,12,19,16,120,,22,52,066,,24,49,274,,30,04,080,,1*69
$GLGSV,3,1,09,85,11,021,29,68,39,320,27,78,33,232,,66,28,156,,1*72
$GLGSV,3,2,09,86,02,068,,77,79,011,,76,31,043,,84,03,330,,1*77
$GLGSV,3,3,09,67,78,212,,1*4E
$GBGSV,3,1,09,20,49,293,28,05,10,116,,07,19,047,,10,27,057,,1*78
$GBGSV,3,2,09,11,06,075,,12,06,025,,19,08,322,,23,63,061,,1*78
$GBGSV,3,3,09,25,11,060,,1*4E
$GPGSA,A,1,,,,,,,,,,,,,,,,*32
$GPVTG,,T,,M,,N,,K,N*2C
$GPRMC,,V,,,,,,,,,,N,V*29
$GPGGA,,,,,,0,,,,,,,,*66
$GPGSV,3,1,12,10,11,327,19,23,33,296,22,24,49,274,16,05,08,191,,1*6F
$GPGSV,3,2,12,12,11,206,,13,52,126,,14,33,052,,15,75,202,,1*65
$GPGSV,3,3,12,17,24,092,,19,16,120,,22,52,066,,30,04,080,,1*68
$GLGSV,3,1,09,85,11,021,30,68,39,320,26,78,33,232,,66,28,156,,1*7B
$GLGSV,3,2,09,86,02,068,,77,79,011,,76,31,043,,84,03,330,,1*77
$GLGSV,3,3,09,67,78,212,,1*4E
$GBGSV,3,1,09,20,49,293,24,05,10,116,,07,19,047,,10,27,057,,1*74
$GBGSV,3,2,09,11,06,075,,12,06,025,,19,08,322,,23,63,061,,1*78
$GBGSV,3,3,09,25,11,060,,1*4E
$GPGSA,A,1,,,,,,,,,,,,,,,,*32
$GPVTG,,T,,M,,N,,K,N*2C
$GPRMC,,V,,,,,,,,,,N,V*29
$GPGGA,,,,,,0,,,,,,,,*66
$GPGSV,3,1,12,10,11,327,18,23,33,296,24,24,49,274,16,05,08,191,,1*68
$GPGSV,3,2,12,12,11,206,,13,52,126,,14,33,052,,15,75,202,,1*65
$GPGSV,3,3,12,17,24,092,,19,16,120,,22,52,066,,30,04,080,,1*68
$GLGSV,3,1,09,85,11,021,28,68,39,320,24,78,33,232,,66,28,156,,1*70
$GLGSV,3,2,09,86,02,068,,77,79,011,,76,31,043,,84,03,330,,1*77
$GLGSV,3,3,09,67,78,212,,1*4E
$GBGSV,3,1,09,20,49,293,24,05,10,116,,07,19,047,,10,27,057,,1*74
$GBGSV,3,2,09,11,06,075,,12,06,025,,19,08,322,,23,63,061,,1*78
$GBGSV,3,3,09,25,11,060,,1*4E
$GPGSA,A,1,,,,,,,,,,,,,,,,*32
$GPVTG,,T,,M,,N,,K,N*2C
$GPRMC,,V,,,,,,,,,,N,V*29
$GPGGA,,,,,,0,,,,,,,,*66
$GPGSV,3,1,12,10,11,327,19,23,33,296,26,24,49,274,16,05,08,191,,1*6B
$GPGSV,3,2,12,12,11,206,,13,52,126,,14,33,052,,15,75,202,,1*65
$GPGSV,3,3,12,17,24,092,,19,16,120,,22,52,066,,30,04,080,,1*68
$GLGSV,3,1,09,78,33,232,15,85,11,021,29,68,39,320,24,66,28,156,,1*75
$GLGSV,3,2,09,86,02,068,,77,79,011,,76,31,043,,84,03,330,,1*77
$GLGSV,3,3,09,67,78,212,,1*4E
$GBGSV,3,1,09,20,49,293,27,05,10,116,,07,19,047,,10,27,057,,1*77
$GBGSV,3,2,09,11,06,075,,12,06,025,,19,08,322,,23,63,061,,1*78
$GBGSV,3,3,09,25,11,060,,1*4E
$GNGSA,A,3,10,13,23,24,,,,,,,,,1.8,1.5,1.0,1*39
$GNGSA,A,3,68,85,,,,,,,,,,,1.8,1.5,1.0,2*3D
$GNVTG,,T,,M,0.0,N,0.0,K,A*3D
$GNRMC,194008.00,A,4852.530444,N,00205.678398,E,0.0,,110824,2.1,W,A,V*61
$GNGGA,194008.00,4852.530444,N,00205.678398,E,1,06,1.5,103.5,M,47.7,M,,*72
$GPGSV,3,1,12,10,11,327,23,23,33,296,26,24,49,274,16,05,08,191,,1*62
$GPGSV,3,2,12,12,11,206,,13,52,126,,14,33,052,,15,75,202,,1*65
$GPGSV,3,3,12,17,24,092,,19,16,120,,22,52,066,,30,04,080,,1*68
$GLGSV,3,1,09,78,33,232,15,85,11,021,29,68,39,320,25,66,28,156,,1*74
$GLGSV,3,2,09,86,02,068,,77,79,011,,76,31,043,,84,03,330,,1*77
$GLGSV,3,3,09,67,78,212,,1*4E
$GBGSV,3,1,09,20,49,293,26,05,10,116,,07,19,047,,10,27,057,,1*76
$GBGSV,3,2,09,11,06,075,,12,06,025,,19,08,322,,23,63,061,,1*78
$GBGSV,3,3,09,25,11,060,,1*4E
$GNGSA,A,3,10,23,24,,,,,,,,,,2.8,2.7,1.0,1*39
$GNGSA,A,3,68,85,,,,,,,,,,,2.8,2.7,1.0,2*3F
$GNVTG,,T,,M,0.0,N,0.0,K,A*3D
$GNRMC,194009.00,A,4852.529845,N,00205.678511,E,0.0,,110824,2.1,W,A,V*62
$GNGGA,194009.00,4852.529845,N,00205.678511,E,1,05,2.7,103.9,M,47.7,M,,*7F
$GPGSV,3,1,12,10,11,327,22,23,33,296,24,24,49,274,17,05,08,191,,1*60
$GPGSV,3,2,12,12,11,206,,13,52,126,,14,33,052,,15,75,202,,1*65
$GPGSV,3,3,12,17,24,092,,19,16,120,,22,52,066,,30,04,080,,1*68
$GLGSV,3,1,09,78,33,232,15,85,11,021,29,68,39,320,25,66,28,156,,1*74
$GLGSV,3,2,09,86,02,068,,77,79,011,,76,31,043,,84,03,330,,1*77
$GLGSV,3,3,09,67,78,212,,1*4E
$GBGSV,3,1,09,20,49,293,27,05,10,116,,07,19,047,,10,27,057,,1*77
$GBGSV,3,2,09,11,06,075,,12,06,025,,19,08,322,,23,63,061,,1*78
$GBGSV,3,3,09,25,11,060,,1*4E
$GNGSA,A,3,10,23,24,,,,,,,,,,2.8,2.7,1.0,1*39
$GNGSA,A,3,68,85,,,,,,,,,,,2.8,2.7,1.0,2*3F
$GNVTG,,T,,M,0.0,N,0.0,K,A*3D
$GNRMC,194010.00,A,4852.529437,N,00205.677987,E,0.0,,110824,2.1,W,A,V*6F
$GNGGA,194010.00,4852.529437,N,00205.677987,E,1,05,2.7,102.5,M,47.7,M,,*7F
$GPGSV,3,1,12,05,08,191,13,10,11,327,22,23,33,296,24,24,49,274,17,1*62
$GPGSV,3,2,12,12,11,206,,13,52,126,,14,33,052,,15,75,202,,1*65
$GPGSV,3,3,12,17,24,092,,19,16,120,,22,52,066,,30,04,080,,1*68
$GLGSV,3,1,09,78,33,232,15,85,11,021,29,68,39,320,27,66,28,156,,1*76
$GLGSV,3,2,09,86,02,068,,77,79,011,,76,31,043,,84,03,330,,1*77
$GLGSV,3,3,09,67,78,212,,1*4E
$GBGSV,3,1,09,20,49,293,28,05,10,116,,07,19,047,,10,27,057,,1*78
$GBGSV,3,2,09,11,06,075,,12,06,025,,19,08,322,,23,63,061,,1*78
$GBGSV,3,3,09,25,11,060,,1*4E
$GNGSA,A,3,05,10,23,24,,,,,,,,,1.8,1.5,0.9,1*36
$GNGSA,A,3,68,85,,,,,,,,,,,1.8,1.5,0.9,2*35
$GNVTG,,T,,M,0.0,N,0.0,K,A*3D
$GNRMC,194011.00,A,4852.530124,N,00205.676765,E,0.0,,110824,2.1,W,A,V*62
$GNGGA,194011.00,4852.530124,N,00205.676765,E,1,06,1.5,103.0,M,47.7,M,,*74
$GPGSV,3,1,12,05,08,191,14,10,11,327,22,23,33,296,25,24,49,274,18,1*6B
$GPGSV,3,2,12,12,11,206,,13,52,126,,14,33,052,,15,75,202,,1*65
$GPGSV,3,3,12,17,24,092,,19,16,120,,22,52,066,,30,04,080,,1*68
$GLGSV,3,1,09,78,33,232,15,85,11,021,29,68,39,320,26,66,28,156,,1*77
$GLGSV,3,2,09,86,02,068,,77,79,011,,76,31,043,,84,03,330,,1*77
$GLGSV,3,3,09,67,78,212,,1*4E
$GBGSV,3,1,09,20,49,293,28,05,10,116,,07,19,047,,10,27,057,,1*78
$GBGSV,3,2,09,11,06,075,,12,06,025,,19,08,322,,23,63,061,,1*78
$GBGSV,3,3,09,25,11,060,,1*4E
$GNGSA,A,3,05,10,23,24,,,,,,,,,1.8,1.5,0.9,1*36
$GNGSA,A,3,68,85,,,,,,,,,,,1.8,1.5,0.9,2*35
$GNVTG,,T,,M,0.0,N,0.0,K,A*3D
$GNRMC,194012.00,A,4852.530229,N,00205.676028,E,0.0,,110824,2.1,W,A,V*61
$GNGGA,194012.00,4852.530229,N,00205.676028,E,1,06,1.5,102.5,M,47.7,M,,*73
$GPGSV,3,1,12,05,08,191,13,10,11,327,20,13,52,126,12,23,33,296,24,1*6F
$GPGSV,3,2,12,24,49,274,24,12,11,206,,14,33,052,,15,75,202,,1*69
$GPGSV,3,3,12,17,24,092,,19,16,120,,22,52,066,,30,04,080,,1*68
$GLGSV,3,1,09,78,33,232,15,85,11,021,29,68,39,320,26,66,28,156,,1*77
$GLGSV,3,2,09,86,02,068,,77,79,011,,76,31,043,,84,03,330,,1*77
$GLGSV,3,3,09,67,78,212,,1*4E
$GBGSV,3,1,09,20,49,293,29,05,10,116,,07,19,047,,10,27,057,,1*79
$GBGSV,3,2,09,11,06,075,,12,06,025,,19,08,322,,23,63,061,,1*78
$GBGSV,3,3,09,25,11,060,,1*4E
$GNGSA,A,3,05,10,13,23,24,,,,,,,,1.4,1.1,0.8,1*3D
$GNGSA,A,3,68,85,,,,,,,,,,,1.4,1.1,0.8,2*3C
$GNVTG,,T,,M,0.0,N,0.0,K,A*3D
$GNRMC,194013.00,A,4852.529797,N,00205.676110,E,0.0,,110824,2.1,W,A,V*62
$GNGGA,194013.00,4852.529797,N,00205.676110,E,1,07,1.1,102.2,M,47.7,M,,*72
$GPGSV,3,1,12,05,08,191,13,10,11,327,19,13,52,126,12,23,33,296,24,1*65
$GPGSV,3,2,12,24,49,274,22,12,11,206,,14,33,052,,15,75,202,,1*6F
$GPGSV,3,3,12,17,24,092,,19,16,120,,22,52,066,,30,04,080,,1*68
$GLGSV,3,1,09,78,33,232,15,85,11,021,29,67,78,212,12,68,39,320,26,1*73
$GLGSV,3,2,09,66,28,156,,86,02,068,,77,79,011,,76,31,043,,1*70
$GLGSV,3,3,09,84,03,330,,1*4E
$GBGSV,3,1,09,11,06,075,12,20,49,293,25,05,10,116,,07,19,047,,1*74
$GBGSV,3,2,09,10,27,057,,12,06,025,,19,08,322,,23,63,061,,1*7A
$GBGSV,3,3,09,25,11,060,,1*4E
$GNGSA,A,3,05,10,13,23,24,,,,,,,,1.4,1.1,0.8,1*3D
$GNGSA,A,3,67,68,85,,,,,,,,,,1.4,1.1,0.8,2*3D
$GNVTG,,T,,M,0.0,N,0.0,K,A*3D
$GNRMC,194014.00,A,4852.529848,N,00205.676052,E,0.0,,110824,2.1,W,A,V*6F
$GNGGA,194014.00,4852.529848,N,00205.676052,E,1,08,1.1,101.8,M,47.7,M,,*79
$GPGSV,3,1,12,05,08,191,13,10,11,327,17,13,52,126,12,23,33,296,24,1*6B
$GPGSV,3,2,12,24,49,274,24,12,11,206,,14,33,052,,15,75,202,,1*69
$GPGSV,3,3,12,17,24,092,,19,16,120,,22,52,066,,30,04,080,,1*68
$GLGSV,3,1,09,78,33,232,15,85,11,021,29,67,78,212,12,68,39,320,25,1*70
$GLGSV,3,2,09,66,28,156,,86,02,068,,77,79,011,,76,31,043,,1*70
$GLGSV,3,3,09,84,03,330,,1*4E
$GBGSV,3,1,09,11,06,075,12,20,49,293,22,05,10,116,,07,19,047,,1*73
$GBGSV,3,2,09,10,27,057,,12,06,025,,19,08,322,,23,63,061,,1*7A
$GBGSV,3,3,09,25,11,060,,1*4E
$GNGSA,A,3,05,10,13,23,24,,,,,,,,1.4,1.1,0.8,1*3D
$GNGSA,A,3,67,68,85,,,,,,,,,,1.4,1.1,0.8,2*3D
$GNVTG,,T,,M,0.0,N,0.0,K,A*3D
$GNRMC,194015.00,A,4852.530160,N,00205.675953,E,0.0,,110824,2.1,W,A,V*6E
$GNGGA,194015.00,4852.530160,N,00205.675953,E,1,08,1.1,101.8,M,47.7,M,,*78
$GPGSV,3,1,12,05,08,191,13,10,11,327,19,13,52,126,12,23,33,296,22,1*63
$GPGSV,3,2,12,24,49,274,25,12,11,206,,14,33,052,,15,75,202,,1*68
$GPGSV,3,3,12,17,24,092,,19,16,120,,22,52,066,,30,04,080,,1*68
$GLGSV,3,1,09,78,33,232,15,85,11,021,28,67,78,212,12,68,39,320,27,1*73
$GLGSV,3,2,09,66,28,156,,86,02,068,,77,79,011,,76,31,043,,1*70
$GLGSV,3,3,09,84,03,330,,1*4E
$GBGSV,3,1,09,11,06,075,13,20,49,293,29,05,10,116,,07,19,047,,1*79
$GBGSV,3,2,09,10,27,057,,12,06,025,,19,08,322,,23,63,061,,1*7A
$GBGSV,3,3,09,25,11,060,,1*4E
$GNGSA,A,3,05,10,13,23,24,,,,,,,,1.4,1.1,0.8,1*3D
$GNGSA,A,3,67,68,85,,,,,,,,,,1.4,1.1,0.8,2*3D
$GNVTG,,T,,M,0.0,N,0.0,K,A*3D
$GNRMC,194016.00,A,4852.530418,N,00205.675834,E,0.0,,110824,2.1,W,A,V*67
$GNGGA,194016.00,4852.530418,N,00205.675834,E,1,08,1.1,101.8,M,47.7,M,,*71
$GPGSV,3,1,12,05,08,191,13,10,11,327,19,13,52,126,12,23,33,296,21,1*60
$GPGSV,3,2,12,24,49,274,24,12,11,206,,14,33,052,,15,75,202,,1*69
$GPGSV,3,3,12,17,24,092,,19,16,120,,22,52,066,,30,04,080,,1*68
$GLGSV,3,1,09,78,33,232,16,85,11,021,27,67,78,212,12,68,39,320,27,1*7F
$GLGSV,3,2,09,66,28,156,,86,02,068,,77,79,011,,76,31,043,,1*70
$GLGSV,3,3,09,84,03,330,,1*4E
$GBGSV,3,1,09,11,06,075,13,20,49,293,31,05,10,116,,07,19,047,,1*70
$GBGSV,3,2,09,10,27,057,,12,06,025,,19,08,322,,23,63,061,,1*7A
$GBGSV,3,3,09,25,11,060,,1*4E
$GNGSA,A,3,05,10,13,23,24,,,,,,,,1.4,1.1,0.8,1*3D
$GNGSA,A,3,67,68,85,,,,,,,,,,1.4,1.1,0.8,2*3D
$GNVTG,,T,,M,0.0,N,0.0,K,A*3D
$GNRMC,194017.00,A,4852.530501,N,00205.675801,E,0.0,,110824,2.1,W,A,V*69
$GNGGA,194017.00,4852.530501,N,00205.675801,E,1,08,1.1,101.8,M,47.7,M,,*7F
$GPGSV,3,1,12,05,08,191,14,10,11,327,20,13,52,126,12,23,33,296,23,1*6F
$GPGSV,3,2,12,24,49,274,25,12,11,206,,14,33,052,,15,75,202,,1*68
$GPGSV,3,3,12,17,24,092,,19,16,120,,22,52,066,,30,04,080,,1*68
$GLGSV,3,1,09,78,33,232,16,76,31,043,17,85,11,021,27,67,78,212,12,1*7D
$GLGSV,3,2,09,68,39,320,27,66,28,156,,86,02,068,,77,79,011,,1*74
$GLGSV,3,3,09,84,03,330,,1*4E
$GBGSV,3,1,09,11,06,075,13,20,49,293,31,05,10,116,,07,19,047,,1*70
$GBGSV,3,2,09,10,27,057,,12,06,025,,19,08,322,,23,63,061,,1*7A
$GBGSV,3,3,09,25,11,060,,1*4E
$GNGSA,A,3,05,10,13,23,24,,,,,,,,1.3,1.0,0.8,1*3B
$GNGSA,A,3,67,68,76,85,,,,,,,,,1.3,1.0,0.8,2*3A
$GNVTG,,T,,M,0.0,N,0.0,K,A*3D
$GNRMC,194018.00,A,4852.530549,N,00205.675786,E,0.0,,110824,2.1,W,A,V*6A
$GNGGA,194018.00,4852.530549,N,00205.675786,E,1,09,1.0,101.8,M,47.7,M,,*7C
$GPGSV,3,1,12,05,08,191,14,10,11,327,18,13,52,126,12,23,33,296,22,1*65
$GPGSV,3,2,12,24,49,274,25,12,11,206,,14,33,052,,15,75,202,,1*68
$GPGSV,3,3,12,17,24,092,,19,16,120,,22,52,066,,30,04,080,,1*68
$GLGSV,3,1,09,78,33,232,16,76,31,043,17,85,11,021,27,67,78,212,12,1*7D
$GLGSV,3,2,09,68,39,320,28,66,28,156,,86,02,068,,77,79,011,,1*7B
$GLGSV,3,3,09,84,03,330,,1*4E
$GBGSV,3,1,09,11,06,075,13,20,49,293,31,05,10,116,,07,19,047,,1*70
$GBGSV,3,2,09,10,27,057,,12,06,025,,19,08,322,,23,63,061,,1*7A
$GBGSV,3,3,09,25,11,060,,1*4E
$GNGSA,A,3,05,10,13,23,24,,,,,,,,1.3,1.0,0.8,1*3B
$GNGSA,A,3,67,68,76,85,,,,,,,,,1.3,1.0,0.8,2*3A
$GNVTG,,T,,M,0.0,N,0.0,K,A*3D
$GNRMC,194019.00,A,4852.530551,N,00205.675785,E,0.0,,110824,2.1,W,A,V*61
$GNGGA,194019.00,4852.530551,N,00205.675785,E,1,09,1.0,101.8,M,47.7,M,,*77
$GPGSV,3,1,12,05,08,191,14,10,11,327,18,13,52,126,12,23,33,296,22,1*65
$GPGSV,3,2,12,24,49,274,25,12,11,206,,14,33,052,,15,75,202,,1*68
$GPGSV,3,3,12,17,24,092,,19,16,120,,22,52,066,,30,04,080,,1*68
$GLGSV,3,1,09,78,33,232,19,76,31,043,16,85,11,021,27,67,78,212,12,1*73
$GLGSV,3,2,09,68,39,320,27,66,28,156,,86,02,068,,77,79,011,,1*74
$GLGSV,3,3,09,84,03,330,,1*4E
$GBGSV,3,1,09,11,06,075,13,20,49,293,30,05,10,116,,07,19,047,,1*71
$GBGSV,3,2,09,10,27,057,,12,06,025,,19,08,322,,23,63,061,,1*7A
$GBGSV,3,3,09,25,11,060,,1*4E
$GNGSA,A,3,05,10,13,23,24,,,,,,,,1.3,1.0,0.8,1*3B
$GNGSA,A,3,67,68,76,85,,,,,,,,,1.3,1.0,0.8,2*3A
$GNVTG,,T,,M,0.0,N,0.0,K,A*3D
$GNRMC,194020.00,A,4852.530530,N,00205.675786,E,0.0,,110824,2.1,W,A,V*6F
$GNGGA,194020.00,4852.530530,N,00205.675786,E,1,09,1.0,101.7,M,47.7,M,,*76
$GPGSV,3,1,12,05,08,191,14,10,11,327,20,13,52,126,12,23,33,296,22,1*6E
$GPGSV,3,2,12,24,49,274,27,12,11,206,,14,33,052,,15,75,202,,1*6A
$GPGSV,3,3,12,17,24,092,,19,16,120,,22,52,066,,30,04,080,,1*68
$GLGSV,3,1,09,78,33,232,18,76,31,043,16,85,11,021,27,67,78,212,12,1*72
$GLGSV,3,2,09,68,39,320,28,66,28,156,,86,02,068,,77,79,011,,1*7B
$GLGSV,3,3,09,84,03,330,,1*4E
$GBGSV,3,1,09,11,06,075,13,20,49,293,30,05,10,116,,07,19,047,,1*71
$GBGSV,3,2,09,10,27,057,,12,06,025,,19,08,322,,23,63,061,,1*7A
$GBGSV,3,3,09,25,11,060,,1*4E
$GNGSA,A,3,05,10,13,23,24,,,,,,,,1.3,1.0,0.8,1*3B
$GNGSA,A,3,67,68,76,85,,,,,,,,,1.3,1.0,0.8,2*3A
$GNVTG,,T,,M,0.0,N,0.0,K,A*3D
$GNRMC,194021.00,A,4852.531083,N,00205.675554,E,0.0,,110824,2.1,W,A,V*6F
$GNGGA,194021.00,4852.531083,N,00205.675554,E,1,09,1.0,102.6,M,47.7,M,,*74
$GPGSV,3,1,12,05,08,191,14,10,11,327,18,13,52,126,12,23,33,296,23,1*64
$GPGSV,3,2,12,24,49,274,27,12,11,206,,14,33,052,,15,75,202,,1*6A
$GPGSV,3,3,12,17,24,092,,19,16,120,,22,52,066,,30,04,080,,1*68
$GLGSV,3,1,09,78,33,232,18,76,31,043,16,85,11,021,26,67,78,212,12,1*73
$GLGSV,3,2,09,68,39,320,28,66,28,156,,86,02,068,,77,79,011,,1*7B
$GLGSV,3,3,09,84,03,330,,1*4E
$GBGSV,3,1,09,11,06,075,13,20,49,293,30,05,10,116,,07,19,047,,1*71
$GBGSV,3,2,09,10,27,057,,12,06,025,,19,08,322,,23,63,061,,1*7A
$GBGSV,3,3,09,25,11,060,,1*4E
$GNGSA,A,3,05,10,23,24,,,,,,,,,1.5,1.2,0.9,1*3C
$GNGSA,A,3,68,76,85,,,,,,,,,,1.5,1.2,0.9,2*3E
$GNVTG,,T,,M,0.0,N,0.0,K,A*3D
$GNRMC,194022.00,A,4852.531230,N,00205.675493,E,0.0,,110824,2.1,W,A,V*6C
$GNGGA,194022.00,4852.531230,N,00205.675493,E,1,07,1.2,102.5,M,47.7,M,,*78
$GPGSV,3,1,12,05,08,191,14,10,11,327,17,13,52,126,12,23,33,296,22,1*6A
$GPGSV,3,2,12,24,49,274,27,12,11,206,,14,33,052,,15,75,202,,1*6A
$GPGSV,3,3,12,17,24,092,,19,16,120,,22,52,066,,30,04,080,,1*68
$GLGSV,3,1,09,78,33,232,16,76,31,043,16,85,11,021,27,67,78,212,12,1*7C
$GLGSV,3,2,09,68,39,320,28,66,28,156,,86,02,068,,77,79,011,,1*7B
$GLGSV,3,3,09,84,03,330,,1*4E
$GBGSV,3,1,09,11,06,075,13,20,49,293,31,05,10,116,,07,19,047,,1*70
$GBGSV,3,2,09,10,27,057,,12,06,025,,19,08,322,,23,63,061,,1*7A
$GBGSV,3,3,09,25,11,060,,1*4E
$GNGSA,A,3,05,10,23,24,,,,,,,,,1.5,1.2,0.9,1*3C
$GNGSA,A,3,68,76,85,,,,,,,,,,1.5,1.2,0.9,2*3E
$GNVTG,,T,,M,0.0,N,0.0,K,A*3D
$GNRMC,194023.00,A,4852.531261,N,00205.675479,E,0.0,,110824,2.1,W,A,V*6D
$GNGGA,194023.00,4852.531261,N,00205.675479,E,1,07,1.2,102.5,M,47.7,M,,*79
$GPGSV,3,1,12,05,08,191,14,10,11,327,22,13,52,126,12,23,33,296,25,1*6B
$GPGSV,3,2,12,24,49,274,28,12,11,206,,14,33,052,,15,75,202,,1*65
$GPGSV,3,3,12,17,24,092,,19,16,120,,22,52,066,,30,04,080,,1*68
$GLGSV,3,1,09,78,33,232,16,76,31,043,16,85,11,021,27,67,78,212,12,1*7C
$GLGSV,3,2,09,68,39,320,28,66,28,156,,86,02,068,,77,79,011,,1*7B
$GLGSV,3,3,09,84,03,330,,1*4E
$GAGSV,1,1,01,08,42,302,18,7*44
$GBGSV,3,1,09,11,06,075,13,20,49,293,31,05,10,116,,07,19,047,,1*70
$GBGSV,3,2,09,10,27,057,,12,06,025,,19,08,322,,23,63,061,,1*7A
$GBGSV,3,3,09,25,11,060,,1*4E
$GNGSA,A,3,05,10,23,24,,,,,,,,,1.5,1.2,0.9,1*3C
$GNGSA,A,3,68,76,85,,,,,,,,,,1.5,1.2,0.9,2*3E
$GNGSA,A,3,08,,,,,,,,,,,,1.5,1.2,0.9,3*35
$GNVTG,,T,,M,0.0,N,0.0,K,A*3D
$GNRMC,194024.00,A,4852.531263,N,00205.675480,E,0.0,,110824,2.1,W,A,V*6E
$GNGGA,194024.00,4852.531263,N,00205.675480,E,1,08,1.2,102.4,M,47.7,M,,*74
$GPGSV,3,1,12,05,08,191,14,10,11,327,28,13,52,126,12,23,33,296,30,1*65
$GPGSV,3,2,12,24,49,274,30,12,11,206,,14,33,052,,15,75,202,,1*6C
$GPGSV,3,3,12,17,24,092,,19,16,120,,22,52,066,,30,04,080,,1*68
$GLGSV,3,1,09,78,33,232,16,76,31,043,16,85,11,021,28,67,78,212,12,1*73
$GLGSV,3,2,09,68,39,320,33,66,28,156,,86,02,068,,77,79,011,,1*71
$GLGSV,3,3,09,84,03,330,,1*4E
$GAGSV,1,1,01,08,42,302,21,7*4E
$GBGSV,3,1,09,11,06,075,13,20,49,293,33,05,10,116,,07,19,047,,1*72
$GBGSV,3,2,09,10,27,057,,12,06,025,,19,08,322,,23,63,061,,1*7A
$GBGSV,3,3,09,25,11,060,,1*4E
$GNGSA,A,3,05,10,23,24,,,,,,,,,1.5,1.2,0.9,1*3C
$GNGSA,A,3,68,76,85,,,,,,,,,,1.5,1.2,0.9,2*3E
$GNGSA,A,3,08,,,,,,,,,,,,1.5,1.2,0.9,3*35
$GNVTG,,T,,M,0.0,N,0.0,K,A*3D
$GNRMC,194025.00,A,4852.531260,N,00205.675478,E,0.0,,110824,2.1,W,A,V*6B
$GNGGA,194025.00,4852.531260,N,00205.675478,E,1,08,1.2,102.4,M,47.7,M,,*71
$GPGSV,3,1,12,05,08,191,14,10,11,327,24,13,52,126,12,23,33,296,26,1*6E
$GPGSV,3,2,12,24,49,274,28,12,11,206,,14,33,052,,15,75,202,,1*65
$GPGSV,3,3,12,17,24,092,,19,16,120,,22,52,066,,30,04,080,,1*68
$GLGSV,3,1,09,78,33,232,16,76,31,043,15,85,11,021,26,67,78,212,12,1*7E
$GLGSV,3,2,09,68,39,320,28,66,28,156,,86,02,068,,77,79,011,,1*7B
$GLGSV,3,3,09,84,03,330,,1*4E
$GAGSV,1,1,01,08,42,302,27,7*48
$GBGSV,3,1,09,11,06,075,13,20,49,293,30,05,10,116,,07,19,047,,1*71
$GBGSV,3,2,09,10,27,057,,12,06,025,,19,08,322,,23,63,061,,1*7A
$GBGSV,3,3,09,25,11,060,,1*4E
$GNGSA,A,3,05,10,23,24,,,,,,,,,1.5,1.2,0.9,1*3C
$GNGSA,A,3,68,76,85,,,,,,,,,,1.5,1.2,0.9,2*3E
$GNGSA,A,3,08,,,,,,,,,,,,1.5,1.2,0.9,3*35
$GNVTG,,T,,M,0.0,N,0.0,K,A*3D
$GNRMC,194026.00,A,4852.531171,N,00205.675593,E,0.0,,110824,2.1,W,A,V*6F
$GNGGA,194026.00,4852.531171,N,00205.675593,E,1,08,1.2,101.8,M,47.7,M,,*7A
$GPGSV,3,1,12,10,11,327,26,13,52,126,12,23,33,296,29,24,49,274,31,1*6A
$GPGSV,3,2,12,05,08,191,,12,11,206,,14,33,052,,15,75,202,,1*61
$GPGSV,3,3,12,17,24,092,,19,16,120,,22,52,066,,30,04,080,,1*68
$GLGSV,3,1,09,78,33,232,16,76,31,043,15,85,11,021,28,67,78,212,12,1*70
$GLGSV,3,2,09,68,39,320,31,66,28,156,,86,02,068,,77,79,011,,1*73
$GLGSV,3,3,09,84,03,330,,1*4E
$GAGSV,1,1,01,08,42,302,29,7*46
$GBGSV,3,1,09,11,06,075,13,20,49,293,32,05,10,116,,07,19,047,,1*73
$GBGSV,3,2,09,10,27,057,,12,06,025,,19,08,322,,23,63,061,,1*7A
$GBGSV,3,3,09,25,11,060,,1*4E
$GNGSA,A,3,10,23,24,,,,,,,,,,2.3,2.1,1.0,1*34
$GNGSA,A,3,68,76,85,,,,,,,,,,2.3,2.1,1.0,2*33
$GNGSA,A,3,08,,,,,,,,,,,,2.3,2.1,1.0,3*38
$GNVTG,,T,,M,0.0,N,0.0,K,A*3D
$GNRMC,194027.00,A,4852.531100,N,00205.675677,E,0.0,,110824,2.1,W,A,V*61
$GNGGA,194027.00,4852.531100,N,00205.675677,E,1,07,2.1,101.4,M,47.7,M,,*77
$GPGSV,3,1,12,10,11,327,26,13,52,126,12,23,33,296,26,24,49,274,26,1*63
$GPGSV,3,2,12,05,08,191,,12,11,206,,14,33,052,,15,75,202,,1*61
$GPGSV,3,3,12,17,24,092,,19,16,120,,22,52,066,,30,04,080,,1*68
$GLGSV,3,1,09,78,33,232,16,76,31,043,15,85,11,021,26,67,78,212,12,1*7E
$GLGSV,3,2,09,68,39,320,30,66,28,156,,86,02,068,,77,79,011,,1*72
$GLGSV,3,3,09,84,03,330,,1*4E
$GAGSV,1,1,01,08,42,302,25,7*4A
$GBGSV,3,1,09,11,06,075,13,20,49,293,31,05,10,116,,07,19,047,,1*70
$GBGSV,3,2,09,10,27,057,,12,06,025,,19,08,322,,23,63,061,,1*7A
$GBGSV,3,3,09,25,11,060,,1*4E
$GNGSA,A,3,10,23,24,,,,,,,,,,2.3,2.1,1.0,1*34
$GNGSA,A,3,68,76,85,,,,,,,,,,2.3,2.1,1.0,2*33
$GNGSA,A,3,08,,,,,,,,,,,,2.3,2.1,1.0,3*38
$GNVTG,,T,,M,0.0,N,0.0,K,A*3D
$GNRMC,194028.00,A,4852.531082,N,00205.675689,E,0.0,,110824,2.1,W,A,V*64
$GNGGA,194028.00,4852.531082,N,00205.675689,E,1,07,2.1,101.3,M,47.7,M,,*75
$GPGSV,3,1,12,10,11,327,24,13,52,126,12,23,33,296,22,24,49,274,28,1*6B
$GPGSV,3,2,12,05,08,191,,12,11,206,,14,33,052,,15,75,202,,1*61
$GPGSV,3,3,12,17,24,092,,19,16,120,,22,52,066,,30,04,080,,1*68
$GLGSV,3,1,09,78,33,232,16,76,31,043,15,85,11,021,28,67,78,212,12,1*70
$GLGSV,3,2,09,68,39,320,29,66,28,156,,86,02,068,,77,79,011,,1*7A
$GLGSV,3,3,09,84,03,330,,1*4E
$GAGSV,1,1,01,08,42,302,26,7*49
$GBGSV,3,1,09,11,06,075,13,20,49,293,31,05,10,116,,07,19,047,,1*70
$GBGSV,3,2,09,10,27,057,,12,06,025,,19,08,322,,23,63,061,,1*7A
$GBGSV,3,3,09,25,11,060,,1*4E
$GNGSA,A,3,10,23,24,,,,,,,,,,2.3,2.1,1.0,1*34
$GNGSA,A,3,68,76,85,,,,,,,,,,2.3,2.1,1.0,2*33
$GNGSA,A,3,08,,,,,,,,,,,,2.3,2.1,1.0,3*38
$GNVTG,,T,,M,0.0,N,0.0,K,A*3D
$GNRMC,194029.00,A,4852.531076,N,00205.675702,E,0.0,,110824,2.1,W,A,V*6C
$GNGGA,194029.00,4852.531076,N,00205.675702,E,1,07,2.1,101.3,M,47.7,M,,*7D
$GPGSV,3,1,12,10,11,327,26,13,52,126,12,23,33,296,29,24,49,274,31,1*6A
$GPGSV,3,2,12,05,08,191,,12,11,206,,14,33,052,,15,75,202,,1*61
$GPGSV,3,3,12,17,24,092,,19,16,120,,22,52,066,,30,04,080,,1*68
$GLGSV,3,1,09,78,33,232,16,76,31,043,15,85,11,021,28,67,78,212,12,1*70
$GLGSV,3,2,09,68,39,320,31,66,28,156,,86,02,068,,77,79,011,,1*73
$GLGSV,3,3,09,84,03,330,,1*4E
$GAGSV,1,1,01,08,42,302,29,7*46
$GBGSV,3,1,09,11,06,075,13,20,49,293,33,05,10,116,,07,19,047,,1*72
$GBGSV,3,2,09,10,27,057,,12,06,025,,19,08,322,,23,63,061,,1*7A
$GBGSV,3,3,09,25,11,060,,1*4E
$GNGSA,A,3,10,23,24,,,,,,,,,,2.3,2.1,1.0,1*34
$GNGSA,A,3,68,76,85,,,,,,,,,,2.3,2.1,1.0,2*33
$GNGSA,A,3,08,,,,,,,,,,,,2.3,2.1,1.0,3*38
$GNVTG,,T,,M,0.0,N,0.0,K,A*3D
$GNRMC,194030.00,A,4852.531078,N,00205.675705,E,0.0,,110824,2.1,W,A,V*6D
$GNGGA,194030.00,4852.531078,N,00205.675705,E,1,07,2.1,101.3,M,47.7,M,,*7C
$GPGSV,3,1,12,10,11,327,27,13,52,126,12,23,33,296,28,24,49,274,31,1*6A
$GPGSV,3,2,12,05,08,191,,12,11,206,,14,33,052,,15,75,202,,1*61
$GPGSV,3,3,12,17,24,092,,19,16,120,,22,52,066,,30,04,080,,1*68
$GLGSV,3,1,09,78,33,232,16,76,31,043,15,85,11,021,28,67,78,212,12,1*70
$GLGSV,3,2,09,68,39,320,32,66,28,156,,86,02,068,,77,79,011,,1*70
$GLGSV,3,3,09,84,03,330,,1*4E
$GAGSV,1,1,01,08,42,302,28,7*47
$GBGSV,3,1,09,11,06,075,13,20,49,293,33,05,10,116,,07,19,047,,1*72
$GBGSV,3,2,09,10,27,057,,12,06,025,,19,08,322,,23,63,061,,1*7A
$GBGSV,3,3,09,25,11,060,,1*4E
$GNGSA,A,3,10,23,24,,,,,,,,,,2.3,2.1,1.0,1*34
$GNGSA,A,3,68,76,85,,,,,,,,,,2.3,2.1,1.0,2*33
$GNGSA,A,3,08,,,,,,,,,,,,2.3,2.1,1.0,3*38
$GNVTG,,T,,M,0.0,N,0.0,K,A*3D
$GNRMC,194031.00,A,4852.531082,N,00205.675711,E,0.0,,110824,2.1,W,A,V*6C
$GNGGA,194031.00,4852.531082,N,00205.675711,E,1,07,2.1,101.3,M,47.7,M,,*7D
$GPGSV,3,1,12,10,11,327,27,13,52,126,12,23,33,296,27,24,49,274,29,1*6C
$GPGSV,3,2,12,05,08,191,,12,11,206,,14,33,052,,15,75,202,,1*61
$GPGSV,3,3,12,17,24,092,,19,16,120,,22,52,066,,30,04,080,,1*68
$GLGSV,3,1,09,78,33,232,16,76,31,043,15,85,11,021,29,67,78,212,12,1*71
$GLGSV,3,2,09,68,39,320,31,66,28,156,,86,02,068,,77,79,011,,1*73
$GLGSV,3,3,09,84,03,330,,1*4E
$GAGSV,1,1,01,08,42,302,25,7*4A
$GBGSV,3,1,09,11,06,075,13,20,49,293,32,05,10,116,,07,19,047,,1*73
$GBGSV,3,2,09,10,27,057,,12,06,025,,19,08,322,,23,63,061,,1*7A
$GBGSV,3,3,09,25,11,060,,1*4E
$GNGSA,A,3,10,23,24,,,,,,,,,,2.3,2.1,1.0,1*34
$GNGSA,A,3,68,76,85,,,,,,,,,,2.3,2.1,1.0,2*33
$GNGSA,A,3,08,,,,,,,,,,,,2.3,2.1,1.0,3*38
$GNVTG,,T,,M,0.0,N,0.0,K,A*3D
$GNRMC,194032.00,A,4852.531072,N,00205.675717,E,0.0,,110824,2.1,W,A,V*66
$GNGGA,194032.00,4852.531072,N,00205.675717,E,1,07,2.1,101.2,M,47.7,M,,*76
